#  
# .................... All units are in (μm) ...................
# |<--LB=5.0 -->| <----  LC=4.900000000000003 ---->| <------ LB_R=5.0 ------>|
# |<--nc=1.000,>| <---- nc_2=1.000-->| <--nc_3=1.000, Hc=0.8-->| 
# |------------------------------------------------------------|
# |<-n1B=1.000,>| <----- n1C=1.620-->| <---n1D=1.000, H1=3.9000000000000026-->| 
# |------------------------------------------------------------|
# |<-n2B=1.620,>| <----- n2C=1.620-->| <---n2D=1.620, H2=1.5-->| 
# |------------------------------------------------------------|
# |<-nsub=1.610,>| <--nsub_2=1.610-->| <nsub_3=1.610,Hsub=2.0->| 
# ..............................................................
#  
# f(x)=cb/(x+sqrt(cb*cb+x*x))
# plot cb=4e-3/180*0.64,"+fich+" matrix u ($1*0.1+1.5):($2*0.1+1.0):(f($3)) w image
0.00015 0.00014 0.00013 0.00012 0.00011 0.0001 9.6e-05 9.1e-05 8.7e-05 8.4e-05 8.1e-05 7.9e-05 7.8e-05 7.7e-05 7.6e-05 7.6e-05 7.5e-05 7.6e-05 7.6e-05 7.6e-05 7.6e-05 7.7e-05 7.7e-05 7.8e-05 7.8e-05 7.9e-05 8e-05 8e-05 8.1e-05 8.1e-05 8.2e-05 8.2e-05 8.3e-05 8.3e-05 8.4e-05
0.00014 0.00013 0.00012 0.00011 0.0001 9.3e-05 8.6e-05 8e-05 7.6e-05 7.2e-05 6.9e-05 6.7e-05 6.6e-05 6.5e-05 6.4e-05 6.4e-05 6.4e-05 6.4e-05 6.4e-05 6.5e-05 6.5e-05 6.6e-05 6.7e-05 6.7e-05 6.8e-05 6.9e-05 6.9e-05 7e-05 7.1e-05 7.1e-05 7.2e-05 7.3e-05 7.3e-05 7.4e-05 7.4e-05
0.00014 0.00013 0.00012 0.0001 9.4e-05 8.4e-05 7.7e-05 7e-05 6.5e-05 6.1e-05 5.8e-05 5.6e-05 5.4e-05 5.3e-05 5.3e-05 5.3e-05 5.3e-05 5.3e-05 5.4e-05 5.5e-05 5.5e-05 5.6e-05 5.7e-05 5.8e-05 5.9e-05 5.9e-05 6e-05 6.1e-05 6.2e-05 6.2e-05 6.3e-05 6.4e-05 6.5e-05 6.5e-05 6.6e-05
0.00014 0.00012 0.00011 9.8e-05 8.7e-05 7.7e-05 6.8e-05 6.1e-05 5.5e-05 5.1e-05 4.8e-05 4.5e-05 4.4e-05 4.3e-05 4.3e-05 4.3e-05 4.3e-05 4.3e-05 4.4e-05 4.5e-05 4.6e-05 4.7e-05 4.8e-05 4.9e-05 5e-05 5.1e-05 5.2e-05 5.3e-05 5.4e-05 5.4e-05 5.5e-05 5.6e-05 5.7e-05 5.7e-05 5.8e-05
0.00013 0.00012 0.00011 9.3e-05 8.1e-05 7e-05 6e-05 5.3e-05 4.6e-05 4.2e-05 3.8e-05 3.6e-05 3.4e-05 3.3e-05 3.3e-05 3.3e-05 3.4e-05 3.4e-05 3.5e-05 3.6e-05 3.7e-05 3.8e-05 4e-05 4.1e-05 4.2e-05 4.3e-05 4.4e-05 4.5e-05 4.6e-05 4.7e-05 4.8e-05 4.9e-05 5e-05 5e-05 5.1e-05
0.00013 0.00012 0.0001 8.9e-05 7.6e-05 6.4e-05 5.3e-05 4.5e-05 3.8e-05 3.3e-05 2.9e-05 2.7e-05 2.5e-05 2.4e-05 2.4e-05 2.4e-05 2.5e-05 2.6e-05 2.7e-05 2.8e-05 2.9e-05 3.1e-05 3.2e-05 3.3e-05 3.4e-05 3.6e-05 3.7e-05 3.8e-05 3.9e-05 4e-05 4.1e-05 4.2e-05 4.3e-05 4.4e-05 4.5e-05
0.00013 0.00012 0.0001 8.5e-05 7.1e-05 5.8e-05 4.7e-05 3.8e-05 3.1e-05 2.5e-05 2.1e-05 1.8e-05 1.7e-05 1.6e-05 1.6e-05 1.6e-05 1.7e-05 1.8e-05 1.9e-05 2.1e-05 2.2e-05 2.3e-05 2.5e-05 2.6e-05 2.8e-05 2.9e-05 3e-05 3.2e-05 3.3e-05 3.4e-05 3.5e-05 3.6e-05 3.7e-05 3.8e-05 3.9e-05
0.00013 0.00011 9.8e-05 8.2e-05 6.7e-05 5.3e-05 4.1e-05 3.1e-05 2.3e-05 1.8e-05 1.3e-05 1e-05 8.8e-06 8e-06 8e-06 8.5e-06 9.5e-06 1.1e-05 1.2e-05 1.4e-05 1.5e-05 1.7e-05 1.8e-05 2e-05 2.1e-05 2.3e-05 2.4e-05 2.6e-05 2.7e-05 2.8e-05 3e-05 3.1e-05 3.2e-05 3.3e-05 3.4e-05
0.00013 0.00011 9.6e-05 7.9e-05 6.3e-05 4.8e-05 3.6e-05 2.5e-05 1.7e-05 1.1e-05 6e-06 3.1e-06 1.3e-06 6.4e-07 7.1e-07 1.4e-06 2.4e-06 3.8e-06 5.4e-06 7e-06 8.8e-06 1.1e-05 1.2e-05 1.4e-05 1.6e-05 1.7e-05 1.9e-05 2e-05 2.2e-05 2.3e-05 2.4e-05 2.6e-05 2.7e-05 2.8e-05 2.9e-05
0.00013 0.00011 9.4e-05 7.7e-05 6e-05 4.4e-05 3.1e-05 2e-05 1.1e-05 4e-06 7.5e-07 3.9e-06 5.6e-06 6.3e-06 6.1e-06 5.4e-06 4.1e-06 2.6e-06 8.8e-07 9.6e-07 2.9e-06 4.8e-06 6.7e-06 8.6e-06 1e-05 1.2e-05 1.4e-05 1.5e-05 1.7e-05 1.8e-05 2e-05 2.1e-05 2.2e-05 2.3e-05 2.4e-05
0.00013 0.00011 9.3e-05 7.5e-05 5.7e-05 4.1e-05 2.7e-05 1.5e-05 5.1e-06 2.1e-06 7.1e-06 1e-05 1.2e-05 1.3e-05 1.3e-05 1.2e-05 1e-05 8.6e-06 6.7e-06 4.7e-06 2.6e-06 5.6e-07 1.5e-06 3.5e-06 5.4e-06 7.3e-06 9.1e-06 1.1e-05 1.2e-05 1.4e-05 1.5e-05 1.7e-05 1.8e-05 1.9e-05 2e-05
0.00013 0.00011 9.2e-05 7.3e-05 5.4e-05 3.7e-05 2.2e-05 9.9e-06 1.7e-07 7.7e-06 1.3e-05 1.7e-05 1.8e-05 1.9e-05 1.9e-05 1.8e-05 1.6e-05 1.4e-05 1.2e-05 1e-05 7.8e-06 5.6e-06 3.4e-06 1.2e-06 8.4e-07 2.8e-06 4.7e-06 6.5e-06 8.2e-06 9.8e-06 1.1e-05 1.3e-05 1.4e-05 1.5e-05 1.7e-05
0.00013 0.00011 9.1e-05 7.1e-05 5.2e-05 3.5e-05 1.9e-05 5.5e-06 5.1e-06 1.3e-05 1.9e-05 2.2e-05 2.4e-05 2.5e-05 2.4e-05 2.3e-05 2.2e-05 2e-05 1.7e-05 1.5e-05 1.3e-05 1e-05 7.9e-06 5.6e-06 3.4e-06 1.3e-06 6.5e-07 2.5e-06 4.3e-06 6e-06 7.6e-06 9.1e-06 1.1e-05 1.2e-05 1.3e-05
0.00013 0.00011 9e-05 7e-05 5e-05 3.2e-05 1.5e-05 1.5e-06 9.6e-06 1.8e-05 2.4e-05 2.8e-05 3e-05 3e-05 3e-05 2.8e-05 2.7e-05 2.5e-05 2.2e-05 2e-05 1.7e-05 1.5e-05 1.2e-05 9.7e-06 7.4e-06 5.2e-06 3.1e-06 1.1e-06 7.5e-07 2.5e-06 4.2e-06 5.8e-06 7.2e-06 8.6e-06 9.9e-06
0.00013 0.00011 8.9e-05 6.9e-05 4.8e-05 2.9e-05 1.2e-05 2.2e-06 1.4e-05 2.3e-05 2.9e-05 3.3e-05 3.5e-05 3.5e-05 3.5e-05 3.3e-05 3.2e-05 2.9e-05 2.7e-05 2.4e-05 2.1e-05 1.9e-05 1.6e-05 1.4e-05 1.1e-05 8.8e-06 6.6e-06 4.5e-06 2.6e-06 7.4e-07 1e-06 2.6e-06 4.2e-06 5.6e-06 7e-06
0.00013 0.00011 8.8e-05 6.8e-05 4.7e-05 2.7e-05 9.6e-06 5.6e-06 1.8e-05 2.7e-05 3.4e-05 3.8e-05 4e-05 4e-05 4e-05 3.8e-05 3.6e-05 3.4e-05 3.1e-05 2.8e-05 2.5e-05 2.3e-05 2e-05 1.7e-05 1.5e-05 1.2e-05 9.9e-06 7.7e-06 5.7e-06 3.8e-06 2e-06 2.5e-07 1.3e-06 2.8e-06 4.2e-06
0.00013 0.00011 8.8e-05 6.7e-05 4.6e-05 2.5e-05 7e-06 8.8e-06 2.2e-05 3.1e-05 3.8e-05 4.2e-05 4.4e-05 4.5e-05 4.4e-05 4.3e-05 4e-05 3.8e-05 3.5e-05 3.2e-05 2.9e-05 2.6e-05 2.3e-05 2e-05 1.8e-05 1.5e-05 1.3e-05 1.1e-05 8.6e-06 6.6e-06 4.7e-06 2.9e-06 1.3e-06 2.5e-07 1.7e-06
0.00013 0.00011 8.7e-05 6.6e-05 4.4e-05 2.4e-05 4.7e-06 1.2e-05 2.5e-05 3.5e-05 4.2e-05 4.7e-05 4.9e-05 4.9e-05 4.9e-05 4.7e-05 4.5e-05 4.2e-05 3.9e-05 3.6e-05 3.3e-05 2.9e-05 2.7e-05 2.4e-05 2.1e-05 1.8e-05 1.6e-05 1.3e-05 1.1e-05 9.2e-06 7.3e-06 5.5e-06 3.8e-06 2.2e-06 6.5e-07
0.00013 0.00011 8.7e-05 6.5e-05 4.3e-05 2.2e-05 2.6e-06 1.4e-05 2.8e-05 3.9e-05 4.6e-05 5.1e-05 5.3e-05 5.4e-05 5.3e-05 5.1e-05 4.8e-05 4.6e-05 4.2e-05 3.9e-05 3.6e-05 3.3e-05 3e-05 2.7e-05 2.4e-05 2.1e-05 1.8e-05 1.6e-05 1.4e-05 1.2e-05 9.7e-06 7.8e-06 6e-06 4.4e-06 2.9e-06
0.00013 0.00011 8.7e-05 6.5e-05 4.3e-05 2.1e-05 6.8e-07 1.7e-05 3.1e-05 4.2e-05 5e-05 5.5e-05 5.7e-05 5.8e-05 5.7e-05 5.5e-05 5.2e-05 4.9e-05 4.6e-05 4.2e-05 3.9e-05 3.6e-05 3.2e-05 2.9e-05 2.6e-05 2.4e-05 2.1e-05 1.8e-05 1.6e-05 1.4e-05 1.2e-05 1e-05 8.2e-06 6.5e-06 4.9e-06
0.00013 0.00011 8.6e-05 6.4e-05 4.2e-05 2e-05 1.1e-06 1.9e-05 3.4e-05 4.6e-05 5.4e-05 5.9e-05 6.1e-05 6.1e-05 6e-05 5.8e-05 5.6e-05 5.2e-05 4.9e-05 4.5e-05 4.2e-05 3.9e-05 3.5e-05 3.2e-05 2.9e-05 2.6e-05 2.3e-05 2.1e-05 1.8e-05 1.6e-05 1.4e-05 1.2e-05 1e-05 8.4e-06 6.8e-06
0.00013 0.00011 8.6e-05 6.4e-05 4.1e-05 1.8e-05 2.7e-06 2.1e-05 3.7e-05 4.9e-05 5.7e-05 6.2e-05 6.5e-05 6.5e-05 6.4e-05 6.2e-05 5.9e-05 5.6e-05 5.2e-05 4.8e-05 4.5e-05 4.1e-05 3.8e-05 3.4e-05 3.1e-05 2.8e-05 2.6e-05 2.3e-05 2e-05 1.8e-05 1.6e-05 1.4e-05 1.2e-05 1e-05 8.6e-06
0.00013 0.00011 8.6e-05 6.4e-05 4e-05 1.7e-05 4.2e-06 2.3e-05 3.9e-05 5.2e-05 6e-05 6.6e-05 6.8e-05 6.9e-05 6.7e-05 6.5e-05 6.2e-05 5.9e-05 5.5e-05 5.1e-05 4.7e-05 4.4e-05 4e-05 3.7e-05 3.4e-05 3e-05 2.8e-05 2.5e-05 2.2e-05 2e-05 1.8e-05 1.6e-05 1.4e-05 1.2e-05 1e-05
0.00013 0.00011 8.6e-05 6.3e-05 4e-05 1.7e-05 5.5e-06 2.5e-05 4.2e-05 5.4e-05 6.3e-05 6.9e-05 7.2e-05 7.2e-05 7.1e-05 6.8e-05 6.5e-05 6.2e-05 5.8e-05 5.4e-05 5e-05 4.6e-05 4.2e-05 3.9e-05 3.6e-05 3.2e-05 3e-05 2.7e-05 2.4e-05 2.2e-05 1.9e-05 1.7e-05 1.5e-05 1.4e-05 1.2e-05
0.00013 0.00011 8.6e-05 6.3e-05 3.9e-05 1.6e-05 6.7e-06 2.7e-05 4.4e-05 5.7e-05 6.6e-05 7.2e-05 7.5e-05 7.5e-05 7.4e-05 7.1e-05 6.8e-05 6.4e-05 6e-05 5.6e-05 5.2e-05 4.8e-05 4.5e-05 4.1e-05 3.8e-05 3.4e-05 3.1e-05 2.9e-05 2.6e-05 2.3e-05 2.1e-05 1.9e-05 1.7e-05 1.5e-05 1.3e-05
0.00013 0.00011 8.6e-05 6.3e-05 3.9e-05 1.5e-05 7.8e-06 2.9e-05 4.6e-05 6e-05 6.9e-05 7.5e-05 7.8e-05 7.8e-05 7.7e-05 7.4e-05 7.1e-05 6.7e-05 6.3e-05 5.9e-05 5.5e-05 5.1e-05 4.7e-05 4.3e-05 3.9e-05 3.6e-05 3.3e-05 3e-05 2.7e-05 2.5e-05 2.3e-05 2e-05 1.8e-05 1.6e-05 1.5e-05
0.00013 0.00011 8.6e-05 6.3e-05 3.9e-05 1.5e-05 8.8e-06 3e-05 4.8e-05 6.2e-05 7.2e-05 7.8e-05 8.1e-05 8.1e-05 8e-05 7.7e-05 7.3e-05 6.9e-05 6.5e-05 6.1e-05 5.7e-05 5.3e-05 4.9e-05 4.5e-05 4.1e-05 3.8e-05 3.5e-05 3.2e-05 2.9e-05 2.6e-05 2.4e-05 2.2e-05 2e-05 1.8e-05 1.6e-05
0.00013 0.00011 8.6e-05 6.3e-05 3.8e-05 1.4e-05 9.7e-06 3.1e-05 5e-05 6.4e-05 7.4e-05 8.1e-05 8.4e-05 8.4e-05 8.2e-05 8e-05 7.6e-05 7.2e-05 6.8e-05 6.3e-05 5.9e-05 5.4e-05 5e-05 4.7e-05 4.3e-05 3.9e-05 3.6e-05 3.3e-05 3e-05 2.8e-05 2.5e-05 2.3e-05 2.1e-05 1.9e-05 1.7e-05
0.00013 0.00011 8.6e-05 6.2e-05 3.8e-05 1.3e-05 1.1e-05 3.3e-05 5.1e-05 6.6e-05 7.7e-05 8.3e-05 8.6e-05 8.7e-05 8.5e-05 8.2e-05 7.8e-05 7.4e-05 7e-05 6.5e-05 6.1e-05 5.6e-05 5.2e-05 4.8e-05 4.4e-05 4.1e-05 3.8e-05 3.5e-05 3.2e-05 2.9e-05 2.7e-05 2.4e-05 2.2e-05 2e-05 1.8e-05
0.00013 0.00011 8.6e-05 6.2e-05 3.8e-05 1.3e-05 1.1e-05 3.4e-05 5.3e-05 6.8e-05 7.9e-05 8.6e-05 8.9e-05 8.9e-05 8.8e-05 8.5e-05 8.1e-05 7.6e-05 7.2e-05 6.7e-05 6.3e-05 5.8e-05 5.4e-05 5e-05 4.6e-05 4.2e-05 3.9e-05 3.6e-05 3.3e-05 3e-05 2.8e-05 2.5e-05 2.3e-05 2.1e-05 1.9e-05
